4294967294,471
4294967279,261
4294967278,291
4294967293,131
4294967293,130
4294967293,129
4294967293,128
4294967293,127
4294967293,126
4294967293,125
4294967293,124
4294967293,123
4294967293,122
4294967293,121
4294967293,120
4294967293,119
4294967293,118
4294967293,117
4294967293,116
4294967293,115
4294967293,114
4294967293,113
4294967293,112
4294967293,111
4294967293,110
4294967293,109
4294967293,108
4294967293,107
4294967293,106
4294967293,105
4294967293,104
4294967293,103
4294967293,102
4294967293,101
4294967293,100
4294967293,99
4294967293,98
4294967293,97
4294967293,96
4294967293,95
4294967293,94
4294967293,93
4294967293,92
4294967293,91
4294967293,90
4294967293,89
4294967293,88
4294967293,87
4294967293,86
4294967293,85
4294967293,84
4294967293,83
4294967293,82
4294967293,81
4294967293,80
4294967293,79
4294967293,78
4294967293,77
4294967293,76
4294967293,75
4294967293,74
4294967293,73
4294967293,72
4294967293,71
4294967293,70
4294967293,69
4294967293,68
4294967293,67
4294967293,66
4294967293,65
4294967293,64
4294967293,63
4294967293,62
4294967293,61
4294967293,60
4294967293,59
4294967293,58
4294967293,57
4294967293,56
4294967293,55
4294967293,54
4294967293,53
4294967293,52
4294967293,51
4294967293,50
4294967293,49
4294967293,48
4294967293,47
4294967293,46
4294967293,45
4294967293,44
4294967293,43
4294967293,42
4294967293,41
4294967293,40
4294967293,39
4294967293,38
4294967293,37
4294967293,36
4294967293,35
4294967293,34
4294967293,33
4294967293,32
4294967293,31
4294967293,30
4294967293,29
4294967293,28
4294967293,27
4294967293,26
4294967293,25
4294967293,24
4294967293,23
4294967293,22
4294967293,21
4294967293,20
4294967293,19
4294967293,18
4294967293,17
4294967293,16
4294967293,15
4294967293,14
4294967293,13
4294967293,12
4294967293,11
4294967293,10
4294967293,9
4294967293,8
4294967293,7
4294967293,6
4294967293,5
4294967293,4
4294967293,3
4294967293,2
4243767290,0
4243767289,0
4243767288,0
4243767287,0
4243767286,0
4243767285,0
4243767284,0
4243767283,0
4243767282,0
4243767281,0
4294967293,0
4294967279,143
4294967279,30
4294967279,144
4294967279,31
4294967279,292
4294967279,145
4294967279,32
4294967279,146
4294967279,147
4294967279,33
4294967279,148
4294967279,34
4294967279,35
4294967279,149
4294967279,36
4294967279,293
4294967279,37
4294967279,294
4294967279,295
4294967279,150
4294967279,151
4294967279,152
4294967279,153
4294967279,38
4294967279,39
4294967279,40
4294967279,41
4294967279,155
4294967279,154
4294967279,158
4294967279,156
4294967279,42
4294967279,43
4294967279,44
4294967279,157
4294967279,159
4294967279,160
4294967279,161
4294967279,45
4294967279,46
4294967279,47
4294967279,48
4294967279,162
4294967279,165
4294967279,164
4294967279,163
4294967279,49
4294967279,50
4294967279,51
4294967279,52
4294967279,166
4294967279,168
4294967279,167
4294967279,169
4294967279,53
4294967279,54
4294967279,55
4294967279,56
4294967279,170
4294967279,171
4294967279,172
4294967279,173
4294967279,57
4294967279,58
4294967279,59
4294967279,60
4294967279,175
4294967279,177
4294967279,176
4294967279,178
4294967279,61
4294967279,62
4294967279,63
4294967279,64
4294967279,179
4294967279,180
4294967279,182
4294967279,181
4294967279,65
4294967279,66
4294967279,67
4294967279,68
4294967279,183
4294967279,184
4294967279,185
4294967279,186
4294967279,69
4294967279,70
4294967279,71
4294967279,72
4294967279,187
4294967279,188
4294967279,189
4294967279,190
4294967279,73
4294967279,74
4294967279,75
4294967279,76
4294967279,191
4294967279,192
4294967279,193
4294967279,194
4294967279,77
4294967279,78
4294967279,79
4294967279,80
4294967279,195
4294967279,196
4294967279,198
4294967279,197
4294967279,81
4294967279,82
4294967279,83
4294967279,84
4294967279,199
4294967279,200
4294967279,202
4294967279,201
4294967279,85
4294967279,86
4294967279,87
4294967279,89
4294967279,203
4294967279,204
4294967279,206
4294967279,205
4294967279,90
4294967279,91
4294967279,92
4294967279,93
4294967279,207
4294967279,208
4294967279,209
4294967279,210
4294967279,94
4294967279,95
4294967279,96
4294967279,97
4294967279,211
4294967279,212
4294967279,214
4294967279,213
4294967279,98
4294967279,99
4294967279,100
4294967279,280
4294967279,101
4294967279,217
4294967279,215
4294967279,221
4294967279,219
4294967279,216
4294967279,102
4294967279,218
4294967279,220
4294967279,103
4294967279,223
4294967279,104
4294967279,105
4294967279,225
4294967279,227
4294967279,222
4294967279,229
4294967279,224
4294967279,226
4294967279,106
4294967279,228
4294967279,107
4294967279,108
4294967279,231
4294967279,109
4294967279,233
4294967279,230
4294967279,235
4294967279,239
4294967279,232
4294967279,110
4294967279,237
4294967279,234
4294967279,111
4294967279,236
4294967279,112
4294967279,238
4294967279,113
4294967279,114
4294967279,241
4294967279,115
4294967279,243
4294967279,245
4294967279,240
4294967279,247
4294967279,242
4294967279,244
4294967279,116
4294967279,246
4294967279,117
4294967279,118
4294967279,119
4294967279,251
4294967279,248
4294967279,253
4294967279,249
4294967279,250
4294967279,120
4294967279,252
4294967279,121
4294967279,122
4294967279,254
4294967279,123
4294967279,255
4294967279,124
4294967279,256
4294967279,125
4294967279,126
4294967279,127
4294967279,128
4294967279,257
4294967278,286
4294967279,129
4294967279,130
4294967279,131
4294967278,258
4294967278,257
4294967279,132
4294967278,4
4294967278,5
4294967278,6
4294967278,278
4294967278,259
4294967278,279
4294967278,261
4294967278,262
4294967278,7
4294967278,263
4294967278,8
4294967278,9
4294967278,264
4294967278,10
4294967278,280
4294967278,281
4294967278,11
4294967278,282
4294967278,12
4294967278,265
4294967278,283
4294967278,266
4294967278,267
4294967278,13
4294967278,268
4294967278,14
4294967278,15
4294967278,269
4294967278,16
4294967278,273
4294967278,270
4294967278,17
4294967278,284
4294967278,271
4294967278,18
4294967278,274
4294967278,272
4294967278,19
4294967278,275
4294967278,133
4294967278,20
4294967278,134
4294967278,21
4294967278,135
4294967278,276
4294967278,22
4294967278,136
4294967278,23
4294967278,137
4294967278,138
4294967278,24
4294967278,277
4294967278,25
4294967278,26
4294967278,285
4294967278,139
4294967278,140
4294967278,142
4294967278,141
4294967278,27
4294967278,28
4294967278,29
4294967278,30
4294967278,143
4294967278,144
4294967278,145
4294967278,287
4294967278,31
4294967278,32
4294967278,33
4294967278,146
4294967278,147
4294967278,148
4294967278,288
4294967278,34
4294967278,35
4294967278,36
4294967278,149
4294967278,150
4294967278,289
4294967279,29
4294967279,28
4294967279,141
4294967279,27
4294967279,26
4294967279,25
4294967279,24
4294967279,278
4294967279,23
4294967279,279
4294967279,22
4294967279,277
4294967279,133
4294967279,276
4294967279,283
4294967279,282
4294967279,19
4294967279,18
4294967279,16
4294967279,273
4294967279,271
4294967279,15
4294967279,14
4294967279,270
4294967279,269
4294967279,268
4294967279,11
4294967279,288
4294967279,266
4294967294,29
4294967294,395
4294967294,409
4294967294,36
4294967294,37
4294967294,39
4294967294,40
4294967294,42
4294967294,115
4294967294,120
4294967294,426
4294967294,44
4294967294,390
4294967294,392
4294967294,393
4294967294,47
4294967294,48
4294967294,51
4294967294,417
4294967294,388
4294967294,53
4294967294,73
4294967294,75
4294967294,76
4294967294,78
4294967294,80
4294967294,82
4294967294,422
4294967294,214
4294967294,176
4294967294,202
4294967294,162
4294967294,1419
4294967294,84
4294967294,86
4294967294,87
4294967294,90
4294967294,92
4294967294,97
4294967294,99
4294967294,100
4294967294,102
4294967294,104
4294967294,105
4294967294,107
4294967294,161
4294967294,108
4294967294,114
4294967294,110
4294967294,166
4294967294,116
4294967294,118
4294967294,119
4294967294,386
4294967294,407
4294967294,179
4294967294,251
4294967294,430
4294967294,267
4294967294,201
4294967294,259
4294967294,1420
4294967294,5
4294967294,126
4294967294,19
4294967294,127
4294967278,260
4294967294,13
4294967294,14
4294967294,454
4294967294,456
4294967294,600
4294967294,601
4294967294,253
4294967294,265
4294967294,190
4294967294,263
4294967294,183
4294967294,169
4294967294,469
4294967294,170
4294967294,171
4294967294,173
4294967294,174
4294967294,266
4294967294,268
4294967294,177
4294967294,180
4294967294,184
4294967294,188
4294967294,58
4294967294,8
4294967294,590
3,1
3,25
3,30
3,72
3,76
3,82
3,84
3,89
3,98
3,100
3,107
3,110
3,115
3,120
3,123
3,129
3,132
3,138
3,143
3,147
3,153
3,157
3,163
3,165
3,170
3,177
3,182
3,186
3,191
3,196
3,201
3,205
3,210
3,211
3,217
3,219
3,226
3,232
3,234
3,238
3,242
3,247
3,253
3,256
3,261
3,264
3,272
3,274
3,280
3,290
3,292
3,298
3,302
3,307
3,314
4,1
5,1
5,341
5,346
5,351
5,354
5,359
5,360
5,365
5,368
5,373
5,376
5,378
5,381
5,448
5,453
5,458
5,459
5,464
5,469
5,473
5,475
5,481
5,486
5,488
5,492
5,496
5,500
5,505
5,508
5,577
5,580
5,585
5,587
5,593
5,598
5,599
5,606
5,607
5,612
5,618
5,620
5,625
5,628
5,633
5,636
5,768
5,773
5,776
5,781
5,783
5,786
5,791
4294967279,0
5,795
4294967279,260
5,803
5,806
5,808
5,811
5,813
5,816
5,821
5,825
5,829
5,897
5,901
5,905
5,910
5,915
5,918
5,923
5,924
5,931
5,935
5,937
5,943
5,945
5,950
5,954
5,958
5,1026
5,1030
5,1034
5,1038
5,1042
5,1047
5,1049
5,1055
5,1057
5,1061
5,1068
5,1069
5,1074
5,1077
5,1082
5,1087
5,1154
5,1159
5,1162
5,1167
5,1168
5,1174
5,1179
5,1181
5,1186
5,1189
5,1193
5,1198
5,1200
4294967278,292
4294967294,6
4294967294,31
4294967294,33
4294967294,159
4294967294,220
4294967294,223
4294967294,260
4294967294,412
4294967294,428
4294967294,443
4294967294,444
4294967294,451
4294967294,453
4294967294,459
4294967294,463
4294967294,580
4294967294,584
4294967294,586
4294967294,588
4294967294,602
4294967294,1195
4294967294,1201
4294967294,1206
4294967294,1263
4294967294,1284
4294967294,1411
4294967294,1413
4294967294,1476
4294967294,455
4294967294,7
4294967294,424
4294967294,446
4294967294,429
4294967294,433
4294967294,578
4294967294,1179
4294967294,1203
4294967294,1196
4294967294,1199
4294967294,1412
4294967294,1210
4294967294,1205
4294967294,1415
4294967294,1194
4294967294,1356
4294967294,1346
4294967294,1173
4294967294,1280
4294967294,1342
4294967294,434
4294967294,32
4294967294,34
4294967294,22
4294967294,23
4,4
5,72
4,317
4,1810
5,7
5,10
4,1695
5,11
5,14
4,1743
4,447
5,17
5,20
4,967
5,22
5,23
5,25
4,1413
5,27
5,29
5,32
4,295
5,34
4,570
4,1106
4,835
5,41
4,1087
4,553
4,290
4,1322
4,557
4,1298
5,45
5,49
4,852
5,53
4,153
3,284
5,54
3,140
5,56
4,1353
5,57
3,144
5,59
3,92
5,61
4,977
5,63
4,461
3,66
4,1477
5,66
4,755
3,133
5,192
3,265
4,1115
3,23
4,588
5,194
3,287
5,195
4,1175
4,1794
5,196
4,356
3,101
4,1584
3,291
4,1568
4,711
4,203
5,200
4,1616
5,201
3,244
3,150
5,202
3,252
5,203
5,204
3,99
3,175
4,1751
5,206
4,110
5,207
4,1254
3,156
4,735
4,1437
3,275
3,88
5,210
3,279
4,1232
3,155
3,267
5,212
4,692
4,182
3,295
3,35
4,1372
3,220
5,216
4,1265
5,217
4,364
5,218
3,176
5,219
3,310
5,220
5,221
3,11
3,221
4,1778
3,125
4,993
5,224
4,532
5,225
3,74
4,952
3,245
5,227
3,148
5,228
3,262
4,1692
5,229
5,230
3,249
5,231
5,232
3,233
5,233
5,234
3,14
5,235
5,236
4,126
3,227
4,1725
3,105
4,1093
3,180
5,240
3,309
5,241
4,1708
3,260
3,75
4,825
3,200
5,244
3,202
5,245
3,114
5,246
3,26
4,1080
4,774
4,74
5,249
4,1690
4,1440
5,250
4,840
4,453
5,251
5,252
4,815
4,232
5,253
4,1709
4,846
5,320
5,321
4,379
4,670
4,1563
5,324
4,800
5,326
5,327
4,112
5,329
5,330
4,659
5,332
4,1050
4,328
4,1350
5,335
5,336
4,1066
4,1213
5,338
4,1107
4,615
5,340
5,342
4,360
4,1198
5,347
4,639
4,1169
4,124
4,1096
4,1040
5,353
5,355
4,550
4,301
5,358
4,599
5,362
4,1216
5,364
5,366
5,367
5,369
4,1073
4,333
5,372
5,374
4,1488
4,1442
4,816
5,382
5,383
4,596
4,1236
4,1136
4,310
4,531
4,1008
3,231
3,85
4,788
4,407
3,158
3,277
4,737
4,1519
4,220
4,1114
4,481
4,1676
4,912
4,195
3,190
3,117
5,449
3,28
5,450
4,464
4,922
3,137
4,1818
3,218
4,1691
5,457
4,247
5,460
4,807
3,174
4,435
3,10
5,465
4,736
5,466
4,1414
5,467
5,468
4,128
5,471
4,1758
5,472
4,26
4,1418
5,476
4,1461
5,477
4,796
4,1595
5,480
4,426
5,482
4,986
5,484
5,485
3,172
5,487
3,102
5,489
3,293
3,24
4,1984
5,493
4,943
5,494
4,125
3,91
4,1498
3,130
4,706
5,501
4,1278
5,502
5,503
3,269
5,506
3,241
5,507
3,146
5,509
3,263
5,510
3,6
4,1094
4,519
4,1013
3,304
3,167
4,1071
3,166
4,963
4,312
4,1206
3,270
3,223
4,1290
4,65
3,90
4,161
4,1593
3,64
4,1577
4,969
3,93
4,1548
3,9
4,960
5,578
3,195
4,1555
3,303
4,524
5,583
5,584
3,181
6,4
5,586
3,250
4,1126
5,589
4,527
4,1703
3,141
5,592
3,159
4,942
4,287
3,320
4,1104
3,96
4,539
5,601
4,1761
5,603
4,1097
3,145
4,148
3,13
6,37
5,608
6,5
4,517
5,611
4,1143
3,189
6,498
4,802
5,614
6,258
3,70
3,299
4,1266
5,617
3,111
5,619
6,139
5,621
3,22
5,622
6,411
4,88
6,222
3,103
5,626
6,389
3,301
5,627
3,192
5,630
6,463
3,71
4,1680
3,207
5,632
5,634
6,468
3,187
5,635
6,146
6,443
4,229
5,638
5,639
3,83
3,203
6,246
4,1147
3,29
6,444
3,160
6,31
4,578
3,136
3,208
4,1365
3,17
6,703
4,1470
6,362
3,131
6,662
3,228
4,1101
4,176
6,714
