4294967294,0
4294967278,132
4294967278,131
4294967278,130
4294967278,129
4294967278,128
4294967278,127
4294967278,126
4294967278,125
4294967278,124
4294967278,123
4294967278,122
4294967278,121
4294967278,120
4294967278,119
4294967278,118
4294967278,117
4294967278,116
4294967278,115
4294967278,114
4294967278,113
4294967278,112
4294967278,111
4294967278,110
4294967278,109
4294967278,108
4294967278,107
4294967278,106
4294967278,105
4294967278,104
4294967278,103
4294967278,102
4294967278,101
4294967278,100
4294967278,99
4294967278,98
4294967278,97
4294967278,96
4294967278,95
4294967278,94
4294967278,93
4294967278,92
4294967278,91
4294967278,90
4294967278,89
4294967278,87
4294967278,86
4294967278,85
4294967278,84
4294967278,83
4294967278,82
4294967278,81
4294967278,80
4294967278,79
4294967278,78
4294967278,77
4294967278,76
4294967278,75
4294967278,74
4294967278,73
4294967278,72
4294967278,71
4294967278,70
4294967278,69
4294967278,68
4294967278,67
4294967278,66
4294967278,65
4294967278,64
4294967278,63
4294967278,62
4294967278,61
4294967278,60
4294967278,59
4294967278,58
4294967278,57
4294967278,56
4294967278,55
4294967278,54
4294967278,53
4294967278,52
4294967278,51
4294967278,50
4294967278,49
4294967278,48
4294967278,47
4294967278,46
4294967278,45
4294967278,44
4294967278,43
4294967278,42
4294967278,41
4294967278,40
4294967278,39
4294967278,38
4294967279,27
4294967279,25
4294967279,24
4294967279,23
4294967279,21
4294967279,20
4294967279,19
4294967279,16
4294967279,15
4294967279,13
4294967279,12
4294967279,11
4294967279,10
4294967279,9
4294967279,8
4294967279,7
4294967279,6
4294967279,5
4294967279,4
4243767290,0
4294967279,301
4294967279,300
4294967278,296
4294967279,299
4243767290,2
4294967294,472
4294967278,295
4294967293,131
4294967293,130
4294967293,129
4294967293,128
4294967293,127
4294967293,126
4294967293,125
4294967293,124
4294967293,123
4294967293,122
4294967293,121
4294967293,120
4294967293,119
4294967293,118
4294967293,117
4294967293,116
4294967293,115
4294967293,114
4294967293,113
4294967293,112
4294967293,111
4294967293,110
4294967293,109
4294967293,108
4294967293,107
4294967293,106
4294967293,105
4294967293,104
4294967293,103
4294967293,102
4294967293,101
4294967293,100
4294967293,99
4294967293,98
4294967293,97
4294967293,96
4294967293,95
4294967293,94
4294967293,93
4294967293,92
4294967293,91
4294967293,90
4294967293,89
4294967293,88
4294967293,87
4294967293,86
4294967293,85
4294967293,84
4294967293,83
4294967293,82
4294967293,81
4294967293,80
4294967293,79
4294967293,78
4294967293,77
4294967293,76
4294967293,75
4294967293,74
4294967293,73
4294967293,72
4294967293,71
4294967293,70
4294967293,69
4294967293,68
4294967293,67
4294967293,66
4294967293,65
4294967293,64
4294967293,63
4294967293,62
4294967293,61
4294967293,60
4294967293,59
4294967293,58
4294967293,57
4294967293,56
4294967293,55
4294967293,54
4294967293,53
4294967293,52
4294967293,51
4294967293,50
4294967293,49
4294967293,48
4294967293,47
4294967293,46
4294967293,45
4294967293,44
4294967293,43
4294967293,42
4294967293,41
4294967293,40
4294967293,39
4294967293,38
4294967293,37
4294967293,36
4294967293,35
4294967293,34
4294967293,33
4294967293,32
4294967293,31
4294967293,30
4294967293,29
4294967293,28
4294967293,27
4294967293,26
4294967293,25
4294967293,24
4294967293,23
4294967293,22
4294967293,21
4294967293,20
4294967293,19
4294967293,18
4294967293,17
4294967293,16
4294967293,15
4294967293,14
4294967293,13
4294967293,12
4294967293,11
4294967293,10
4294967293,9
4294967293,8
4294967293,7
4294967293,6
4294967293,5
4294967293,4
4294967293,3
4294967293,2
4243767289,0
4243767288,0
4243767287,0
4243767286,0
4243767285,0
4243767284,0
4243767283,0
4243767282,0
4243767281,0
4294967293,0
4294967279,31
4294967279,32
4294967279,33
4294967279,146
4294967279,295
4294967279,296
4294967279,34
4294967279,297
4294967279,147
4294967279,148
4294967279,298
4294967279,149
4294967279,35
4294967279,36
4294967279,150
4294967279,37
4294967279,151
4294967279,152
4294967279,38
4294967279,153
4294967279,39
4294967279,40
4294967279,154
4294967279,41
4294967279,155
4294967279,158
4294967279,42
4294967279,156
4294967279,43
4294967279,157
4294967279,159
4294967279,44
4294967279,160
4294967279,45
4294967279,46
4294967279,161
4294967279,47
4294967279,162
4294967279,163
4294967279,48
4294967279,49
4294967279,164
4294967279,50
4294967279,165
4294967279,166
4294967279,51
4294967279,167
4294967279,52
4294967279,53
4294967279,168
4294967279,54
4294967279,169
4294967279,55
4294967279,170
4294967279,171
4294967279,56
4294967279,172
4294967279,57
4294967279,58
4294967279,173
4294967279,59
4294967279,175
4294967279,176
4294967279,60
4294967279,177
4294967279,61
4294967279,62
4294967279,178
4294967279,63
4294967279,179
4294967279,180
4294967279,64
4294967279,181
4294967279,65
4294967279,66
4294967279,182
4294967279,67
4294967279,183
4294967279,184
4294967279,68
4294967279,185
4294967279,69
4294967279,186
4294967279,70
4294967279,71
4294967279,187
4294967279,72
4294967279,188
4294967279,189
4294967279,73
4294967279,190
4294967279,74
4294967279,75
4294967279,191
4294967279,76
4294967279,192
4294967279,193
4294967279,194
4294967279,77
4294967279,78
4294967279,79
4294967279,195
4294967279,80
4294967279,196
4294967279,81
4294967279,197
4294967279,198
4294967279,82
4294967279,199
4294967279,83
4294967279,84
4294967279,200
4294967279,85
4294967279,201
4294967279,202
4294967279,86
4294967279,203
4294967279,87
4294967279,89
4294967279,204
4294967279,90
4294967279,205
4294967279,91
4294967279,206
4294967279,207
4294967279,92
4294967279,208
4294967279,93
4294967279,94
4294967279,209
4294967279,95
4294967279,211
4294967279,210
4294967279,96
4294967279,212
4294967279,97
4294967279,98
4294967279,280
4294967279,99
4294967279,213
4294967279,214
4294967279,215
4294967279,217
4294967279,100
4294967279,101
4294967279,102
4294967279,219
4294967279,216
4294967279,221
4294967279,223
4294967279,218
4294967279,103
4294967279,220
4294967279,222
4294967279,104
4294967279,225
4294967279,105
4294967279,106
4294967279,227
4294967279,224
4294967279,231
4294967279,229
4294967279,107
4294967279,226
4294967279,228
4294967279,230
4294967279,233
4294967279,108
4294967279,109
4294967279,232
4294967279,110
4294967279,235
4294967279,239
4294967279,111
4294967279,234
4294967279,236
4294967279,237
4294967279,238
4294967279,112
4294967279,113
4294967279,114
4294967279,241
4294967279,115
4294967279,243
4294967279,245
4294967279,247
4294967279,240
4294967279,244
4294967279,242
4294967279,246
4294967279,116
4294967279,117
4294967279,118
4294967279,119
4294967279,248
4294967279,251
4294967279,253
4294967279,120
4294967279,249
4294967279,250
4294967279,252
4294967279,121
4294967279,254
4294967279,122
4294967279,123
4294967279,255
4294967279,124
4294967279,256
4294967279,125
4294967279,126
4294967279,127
4294967279,128
4294967279,257
4294967278,286
4294967279,129
4294967279,130
4294967279,131
4294967278,294
4294967278,257
4294967278,258
4294967279,132
4294967278,4
4294967278,5
4294967278,6
4294967278,278
4294967278,259
4294967278,261
4294967278,279
4294967278,262
4294967278,7
4294967278,8
4294967278,263
4294967278,9
4294967278,264
4294967278,281
4294967278,280
4294967278,10
4294967278,11
4294967278,12
4294967278,265
4294967278,282
4294967278,266
4294967278,13
4294967278,283
4294967278,267
4294967278,14
4294967278,269
4294967278,268
4294967278,15
4294967278,273
4294967278,16
4294967278,17
4294967278,270
4294967278,271
4294967278,274
4294967278,284
4294967278,18
4294967278,19
4294967278,272
4294967278,133
4294967278,134
4294967278,275
4294967278,20
4294967278,21
4294967278,22
4294967278,135
4294967278,276
4294967278,277
4294967278,136
4294967278,23
4294967278,137
4294967278,138
4294967278,24
4294967278,285
4294967278,25
4294967278,139
4294967278,140
4294967278,26
4294967278,287
4294967278,27
4294967278,28
4294967278,288
4294967278,141
4294967278,289
4294967278,142
4294967278,143
4294967278,29
4294967278,144
4294967278,30
4294967278,31
4294967278,290
4294967278,32
4294967278,145
4294967278,291
4294967278,146
4294967278,292
4294967278,33
4294967278,147
4294967278,34
4294967278,149
4294967278,293
4294967278,35
4294967278,36
4294967278,37
4294967279,30
4294967279,145
4294967279,29
4294967279,142
4294967279,293
4294967279,141
4294967279,28
4294967279,291
4294967279,26
4294967279,139
4294967279,138
4294967279,278
4294967279,136
4294967279,279
4294967279,22
4294967279,277
4294967279,135
4294967279,133
4294967279,283
4294967279,282
4294967279,134
4294967279,18
4294967279,17
4294967279,273
4294967279,272
4294967279,271
4294967279,14
4294967279,289
4294967279,270
4294967279,269
4294967279,268
4294967279,288
4294967279,267
4294967279,266
4294967294,186
4294967294,988
4294967294,29
4294967294,971
4294967294,395
4294967294,36
4294967294,37
4294967294,39
4294967294,41
4294967294,42
4294967294,120
4294967294,426
4294967294,115
4294967294,389
4294967294,430
4294967294,393
4294967294,439
4294967294,48
4294967294,49
4294967294,417
4294967294,388
4294967294,52
4294967294,73
4294967294,74
4294967294,76
4294967294,78
4294967294,79
4294967294,82
4294967294,1029
4294967294,970
4294967294,401
4294967294,161
4294967294,163
4294967294,83
4294967294,84
4294967294,85
4294967294,87
4294967294,90
4294967294,91
4294967294,97
4294967294,98
4294967294,100
4294967294,101
4294967294,103
4294967294,105
4294967294,106
4294967294,1419
4294967294,108
4294967294,109
4294967294,165
4294967294,110
4294967294,112
4294967294,113
4294967294,116
4294967294,117
4294967294,119
4294967294,412
4294967294,175
4294967294,404
4294967294,164
4294967294,390
4294967294,976
4294967294,190
4294967294,983
4294967294,1025
4294967294,5
4294967294,127
4294967294,19
4294967294,126
4294967278,0
4294967294,12
4294967294,14
4294967294,454
4294967294,435
4294967294,981
4294967294,456
4294967294,583
4294967294,1032
4294967294,466
4294967294,160
4294967294,384
4294967294,1031
4294967294,169
4294967294,1020
4294967294,170
4294967294,470
4294967294,172
4294967294,174
4294967294,1036
4294967294,176
4294967294,177
4294967294,182
4294967294,181
4294967294,188
4294967294,58
4294967294,8
2,1
4,16
4,27
4,40
4,99
4,178
4,215
4,303
4,318
4,383
4,450
4,471
4,571
4,604
4,634
4,654
4,699
4,891
5,2
5,1
5,33
5,48
5,87
5,90
5,131
5,137
5,149
5,150
5,163
5,174
5,183
5,190
5,263
5,270
5,277
5,281
5,289
5,296
5,306
5,310
5,386
5,412
5,413
5,428
5,429
5,439
5,515
5,519
5,530
5,534
5,539
5,549
5,558
5,571
5,640
5,662
5,664
5,680
5,707
5,731
5,743
5,751
5,760
5,836
5,839
5,845
5,849
5,858
5,862
5,867
5,876
5,882
5,887
5,889
5,960
5,967
5,969
5,974
5,980
5,984
5,989
5,994
5,1000
5,1004
5,1010
5,1013
5,1022
5,1091
5,1092
5,1102
5,1104
5,1109
5,1112
5,1117
5,1125
5,1133
5,1146
5,1148
5,1151
5,1220
5,1225
5,1247
5,1248
5,1268
5,1274
5,1275
4294967294,471
5,1349
5,1369
5,1396
5,1403
4294967294,81
5,1529
5,1555
5,1557
5,1563
5,1568
5,1575
5,1577
5,1581
5,1585
5,1588
5,1593
4243767290,3
4294967294,414
4294967294,419
4294967294,1026
4294967294,7
4294967294,586
4294967294,427
4294967294,451
4294967294,424
4294967294,444
4294967294,446
4294967294,585
4294967294,457
4294967294,603
4294967294,429
4294967294,431
4294967294,159
4294967294,1418
4294967294,582
4294967294,578
4294967294,991
4294967294,1213
4294967294,1016
4294967294,1178
4294967294,1023
4294967294,1413
4294967294,580
4294967294,1204
4294967294,1158
4294967294,1211
4294967294,577
4294967294,1290
4294967294,1320
4294967294,1275
4294967294,1327
4294967294,1328
4294967294,443
4294967294,588
4294967294,587
4294967294,31
4294967294,33
4294967294,34
4294967294,21
4294967294,22
4,4
4,317
4,1810
4,1330
4,1743
4,967
4,174
4,436
4,833
4,1706
4,1302
4,570
4,835
4,1087
4,553
4,290
4,1322
4,1298
4,697
4,153
4,415
4,1353
4,1435
4,270
4,461
4,755
4,1721
4,1115
4,588
4,1175
4,356
4,1584
4,711
4,203
4,918
4,1784
4,1053
4,1751
4,110
4,735
4,1437
4,1309
4,1762
4,692
4,1372
4,653
4,364
4,1125
4,1271
4,1778
4,993
4,1655
4,952
4,1705
4,1692
4,408
4,698
4,1337
4,1725
4,1093
4,936
4,254
4,825
4,429
4,1536
4,774
4,1690
4,1440
4,453
4,1511
4,1590
4,1709
4,846
4,379
4,670
4,800
4,323
4,1471
4,1050
4,328
4,594
4,1066
4,197
4,615
4,1635
4,1198
4,639
4,124
4,1096
4,1208
4,301
4,1217
4,1216
4,18
4,647
4,333
4,1791
4,1442
4,816
4,596
4,189
4,598
4,310
4,991
4,1008
4,84
4,788
4,1284
4,737
4,220
4,1114
4,1676
4,912
4,1673
4,464
4,922
4,1691
4,247
4,435
4,736
4,1414
4,128
4,1758
4,1418
4,796
4,1595
4,986
4,238
4,944
4,486
4,943
4,1498
4,706
4,1700
4,738
4,1643
4,246
4,1094
4,1013
4,286
4,544
4,963
4,1206
4,1290
4,65
4,161
4,1593
4,1577
4,283
4,1548
4,1777
4,1555
4,1111
4,98
4,527
4,1028
4,942
4,1104
4,539
4,1097
4,1157
4,517
4,802
4,265
4,405
4,909
4,88
4,771
4,1561
4,400
4,782
4,229
4,640
4,1147
4,1142
4,578
4,329
4,643
4,1378
4,176
4,1095
4,1769
4,866
4,293
4,628
4,1141
4,1650
4,897
4,1242
4,298
4,972
4,1199
4,166
4,911
4,1799
4,1585
4,837
4,273
4,1785
4,518
4,1017
4,1613
4,714
4,389
4,1534
4,1780
4,1233
4,674
4,309
4,1116
4,1146
4,117
4,983
4,1045
4,252
4,729
4,1543
4,1624
4,1546
4,82
4,627
4,1184
4,1701
4,227
4,658
4,693
4,372
4,958
4,1610
4,1145
4,424
4,1354
4,1429
4,223
4,676
4,1215
4,1671
4,1677
4,1044
4,572
4,1121
4,1209
4,1180
4,159
4,593
4,1047
4,1556
4,1508
4,499
4,102
4,1764
4,549
4,894
4,306
4,1085
4,562
4,278
4,156
4,1786
4,632
4,1092
4,985
4,506
4,142
4,1183
4,1745
4,1300
4,322
4,794
4,1549
4,1808
4,947
4,1740
4,941
4,1608
4,296
4,965
4,530
4,930
4,1781
4,1006
4,454
4,902
4,236
4,1558
4,1631
4,417
4,787
4,1767
4,970
4,1100
4,213
4,760
4,1570
4,1407
4,1582
4,8
4,801
4,1696
4,484
4,206
4,1487
4,1312
4,353
4,844
4,1603
4,1406
4,1191
4,624
4,1654
4,1076
4,603
4,208
4,1007
4,1041
4,347
4,622
4,1385
4,191
4,80
4,1768
4,1669
4,376
4,1161
4,1334
4,212
4,1637
4,921
4,413
4,1058
4,1617
4,1750
4,526
4,903
4,244
4,605
4,1268
4,1416
4,715
4,1598
4,754
4,1674
4,344
4,621
4,1091
4,1164
4,1795
4,920
4,1634
4,784
4,73
4,1176
4,1032
4,324
4,1364
4,1260
4,162
4,1446
4,509
4,1698
4,1704
4,847
4,1699
4,478
4,1665
4,1578
4,756
4,388
4,1192
4,1356
4,219
4,708
4,368
4,1299
4,716
4,1264
4,1328
4,1250
4,331
4,636
4,1428
4,1436
4,832
4,1607
4,850
4,1756
4,363
4,90
4,660
4,375
4,1343
4,1615
4,136
4,749
4,469
4,1782
4,198
4,1193
4,1048
4,1481
4,843
4,1712
4,362
4,29
4,732
4,387
4,1068
4,222
4,664
4,1167
4,1681
4,845
4,143
4,709
4,1253
4,1281
4,751
